# Simple Voice Chat volume config

bfd29c6b-4d50-476a-96ee-dd14695180e6=1.0869565217391304
music_discs=0.1956521739130435
goat_horns=0.391304347826087
note_blocks=0.34782608695652173
ea728b35-7ebb-4f21-aff4-4f4920ca16e1=1.065217391304348
